time_interval,rate_in,limit,truck,t_react,automax
275.2000,1.1099,1.0000,0.0000,0.2000,0.5047
275.2000,1.1099,1.0000,0.0000,0.2000,0.6870
276.9500,1.1099,1.0000,0.0000,0.2000,0.0458
276.1000,1.1099,1.0000,0.0000,0.2000,0.3895
276.9000,1.1099,1.0000,0.0000,0.2000,0.7704
278.6000,1.1099,1.0000,0.0000,0.2000,1.0939
276.8500,1.1099,1.0000,0.0000,0.2000,0.8693
283.2000,1.1099,1.0000,0.0000,0.2000,0.9717
271.5500,1.1099,1.0000,0.0000,0.2500,1.6262
278.4000,1.1099,1.0000,0.0000,0.2000,0.5194
282.8000,1.1099,1.0000,0.0000,0.2000,0.5781
275.9500,1.1099,1.0000,0.0000,0.2000,0.6452
283.7500,1.1099,1.0000,0.0000,0.2000,-0.2032
281.4000,1.1099,1.0000,0.0000,0.2000,0.7818
270.1000,1.1099,1.0000,0.0000,0.2000,2.4655
282.9000,1.1099,1.0000,0.0000,0.2000,0.5343
274.8000,1.1099,1.0000,0.0000,0.2000,1.5429
269.8000,1.1099,1.0000,0.0000,0.2000,1.1691
282.1500,1.1099,1.0000,0.0000,0.2000,1.9346
270.3500,1.1099,1.0000,0.0000,0.2000,0.4742
282.3000,1.1099,1.0000,0.0000,0.2000,0.5105
270.3000,1.1099,1.0000,0.0000,0.2000,2.5267
279.7000,1.1099,1.0000,0.0000,0.2500,2.6120
266.4500,1.1099,1.0000,0.0000,0.2000,2.9620
278.3500,1.1099,1.0000,0.0000,0.2000,0.4246
279.2000,1.1099,1.0000,0.0000,0.2500,0.5554
267.5500,1.1099,1.0000,0.0000,0.3000,0.8836
280.7000,1.1099,1.0000,0.0000,0.2000,0.1586
269.0500,1.1099,1.0000,0.0000,0.2000,2.0616
264.3500,1.1099,1.0000,0.0000,0.2000,2.8892
272.3500,1.1099,1.0000,0.0000,0.2500,-0.0398
266.7500,1.1099,1.0000,0.0000,0.2500,2.7176
277.7000,1.1099,1.0000,0.0000,0.2000,0.6247
277.0000,1.1099,1.0000,0.0000,0.1500,-0.1739
263.1000,1.1099,1.0000,0.0000,0.2000,4.6131
276.7500,1.1099,1.0000,0.0000,0.2000,0.8598
269.0500,1.1099,1.0000,0.0000,0.2000,0.1038
263.3000,1.1099,1.0000,0.0000,0.2000,1.0193
274.0000,1.1099,1.0000,0.0000,0.2000,-0.1192
267.8000,1.1099,1.0000,0.0000,0.2000,0.5728
276.2000,1.1099,1.0000,0.0000,0.2000,-0.1673
266.8500,1.1099,1.0000,0.0000,0.2000,1.0509
273.4500,1.1099,1.0000,0.0000,0.2000,0.9922
266.1500,1.1099,1.0000,0.0000,0.2000,0.6577
274.5000,1.1099,1.0000,0.0000,0.2000,-0.4554
276.5500,1.1099,1.0000,0.0000,0.2000,-0.6904
268.7000,1.1099,1.0000,0.0000,0.2000,0.3871
271.6500,1.1099,1.0000,1.0000,0.2000,0.0312
276.5000,1.1099,1.0000,0.0000,0.2000,0.3573
274.1000,1.1099,1.0000,0.0000,0.2500,-0.2255
271.3500,1.1099,1.0000,0.0000,0.2000,1.3339
273.8000,1.1099,1.0000,0.0000,0.2000,0.4927
274.3000,1.1099,1.0000,0.0000,0.2000,-0.3071
274.9000,1.1099,1.0000,0.0000,0.2000,0.3720
273.0000,1.1099,1.0000,0.0000,0.1500,1.9296
272.5500,1.1099,1.0000,0.0000,0.2500,0.4927
274.9500,1.1099,1.0000,0.0000,0.2000,0.9454
276.1500,1.1099,1.0000,0.0000,0.2000,-0.3801
275.0000,1.1099,1.0000,0.0000,0.2000,0.5434
275.1500,1.1099,1.0000,0.0000,0.2000,-0.0772
274.9000,1.1099,1.0000,0.0000,0.2000,0.8584
274.7500,1.1099,1.0000,0.0000,0.2000,2.7811
276.1000,1.1099,1.0000,0.0000,0.2000,0.0400
278.8000,1.1099,1.0000,0.0000,0.2000,-0.6274
269.0500,1.1099,1.0000,0.0000,0.2000,1.7527
276.1000,1.1099,1.0000,0.0000,0.2000,2.6054
278.7000,1.1099,1.0000,0.0000,0.2000,2.6434
276.1000,1.1099,1.0000,0.0000,0.2000,2.5621
271.0000,1.1099,1.0000,0.0000,0.2000,0.6673
276.0500,1.1099,1.0000,0.0000,0.2500,2.3653
270.4500,1.1099,1.0000,0.0000,0.3000,1.1790
266.4500,1.1099,1.0000,0.0000,0.2000,1.7223
275.5500,1.1099,1.0000,0.0000,0.2000,0.7222
274.3500,1.1099,1.0000,0.0000,0.2000,0.2056
275.4000,1.1099,1.0000,0.0000,0.2000,0.5272
270.4500,1.1099,1.0000,0.0000,0.2000,1.2068
278.8000,1.1099,1.0000,0.0000,0.2000,1.8093
274.8500,1.1099,1.0000,0.0000,0.2500,0.3923
273.8000,1.1099,1.0000,0.0000,0.2000,1.3018
270.8500,1.1099,1.0000,0.0000,0.2000,1.0684
269.3000,1.1099,1.0000,0.0000,0.2000,0.8986
274.5000,1.1099,1.0000,0.0000,0.2000,0.4663
273.8000,1.1099,1.0000,0.0000,0.2000,0.2345
273.9500,1.1099,1.0000,0.0000,0.2000,1.1109
270.1000,1.1099,1.0000,0.0000,0.2000,0.7591
273.7000,1.1099,1.0000,0.0000,0.2000,1.4184
267.4000,1.1099,1.0000,0.0000,0.2000,4.9786
267.6500,1.1099,1.0000,0.0000,0.2000,2.8208
273.4000,1.1099,1.0000,0.0000,0.1500,0.7748
274.5000,1.1099,1.0000,0.0000,0.2500,0.9186
277.8500,1.1099,1.0000,0.0000,0.2000,-0.3101
270.6500,1.1099,1.0000,0.0000,0.1500,0.3778
272.6500,1.1099,1.0000,0.0000,0.2000,1.3215
273.5500,1.1099,1.0000,0.0000,0.2000,0.8856
272.9000,1.1099,1.0000,0.0000,0.1500,0.0190
268.7500,1.1099,1.0000,0.0000,0.2000,1.7436
268.6500,1.1099,1.0000,0.0000,0.2000,2.5392
277.2000,1.1099,1.0000,1.0000,0.2000,0.7942
272.8500,1.1099,1.0000,0.0000,0.2000,0.2870
262.5500,1.1099,1.0000,0.0000,0.3000,1.3049
266.5500,1.1099,1.0000,0.0000,0.2000,0.4157
267.3500,1.1099,1.0000,0.0000,0.2000,0.2908
271.0000,1.1099,1.0000,0.0000,0.2000,1.1198
258.8000,1.1099,1.0000,0.0000,0.2000,2.5518
268.9000,1.1099,1.0000,0.0000,0.2000,0.2467
266.8500,1.1099,1.0000,0.0000,0.2000,1.9309
275.6000,1.1099,1.0000,0.0000,0.2000,0.1056
269.1500,1.1099,1.0000,0.0000,0.2000,0.8973
270.3500,1.1099,1.0000,0.0000,0.2000,2.4819
279.3500,1.1099,1.0000,0.0000,0.2000,0.0367
270.6000,1.1099,1.0000,0.0000,0.2000,0.2799
272.9500,1.1099,1.0000,0.0000,0.2500,0.7862
273.0000,1.1099,1.0000,0.0000,0.2000,2.9631
269.1000,1.1099,1.0000,0.0000,0.1500,3.9941
277.8500,1.1099,1.0000,0.0000,0.2000,-0.3465
271.9000,1.1099,1.0000,0.0000,0.2000,1.6164
270.6500,1.1099,1.0000,0.0000,0.2000,0.7345
266.5000,1.1099,1.0000,0.0000,0.1500,1.6501
275.7000,1.1099,1.0000,0.0000,0.2000,0.1140
272.6000,1.1099,1.0000,0.0000,0.2000,0.8080
265.8500,1.1099,1.0000,0.0000,0.2000,1.1565
269.0500,1.1099,1.0000,0.0000,0.2000,0.6717
265.8000,1.1099,1.0000,0.0000,0.2000,1.5378
276.7000,1.1099,1.0000,1.0000,0.2000,2.2601
276.1500,1.1099,1.0000,0.0000,0.2000,0.2952
275.2500,1.1099,1.0000,0.0000,0.2000,2.5348
268.6000,1.1099,1.0000,0.0000,0.2500,0.3254
268.5500,1.1099,1.0000,0.0000,0.2000,0.7616
268.6500,1.1099,1.0000,0.0000,0.2000,1.3614
273.7500,1.1099,1.0000,0.0000,0.3000,1.4901
269.9500,1.1099,1.0000,0.0000,0.2000,0.2216
268.9000,1.1099,1.0000,0.0000,0.2000,2.7835
273.4500,1.1099,1.0000,0.0000,0.2000,0.3604
269.5500,1.1099,1.0000,0.0000,0.2000,0.6836
272.7500,1.1099,1.0000,0.0000,0.2000,0.1864
269.2000,1.1099,1.0000,0.0000,0.2000,0.3521
268.8000,1.1099,1.0000,0.0000,0.2000,0.3717
273.9000,1.1099,1.0000,0.0000,0.1500,-0.3135
266.8500,1.1099,1.0000,1.0000,0.2000,2.6052
274.5000,1.1099,1.0000,0.0000,0.2000,-0.2226
272.8000,1.1099,1.0000,0.0000,0.2000,0.1532
274.5000,1.1099,1.0000,0.0000,0.2000,4.2590
273.5000,1.1099,1.0000,0.0000,0.2000,-0.2714
282.2000,1.1099,1.0000,0.0000,0.2000,-0.4967
274.3500,1.1099,1.0000,0.0000,0.2000,1.0722
263.9500,1.1099,1.0000,0.0000,0.2000,1.7400
268.1500,1.1099,1.0000,0.0000,0.1500,2.1697
273.7000,1.1099,1.0000,0.0000,0.1500,0.8093
265.3000,1.1099,1.0000,0.0000,0.2000,2.0605
274.7500,1.1099,1.0000,0.0000,0.2000,-0.0798
271.8000,1.1099,1.0000,0.0000,0.2000,1.8580
279.1000,1.1099,1.0000,0.0000,0.2000,0.0134
262.3500,1.1099,1.0000,0.0000,0.2500,2.5167
265.6000,1.1099,1.0000,0.0000,0.2000,1.7607
273.8500,1.1099,1.0000,0.0000,0.1500,1.0514
268.8500,1.1099,1.0000,0.0000,0.2000,1.0582
278.1000,1.1099,1.0000,0.0000,0.2000,0.2209
273.9000,1.1099,1.0000,0.0000,0.2000,0.8395
270.3500,1.1099,1.0000,0.0000,0.2000,0.2643
277.7000,1.1099,1.0000,0.0000,0.2000,1.0892
268.6000,1.1099,1.0000,0.0000,0.2000,1.2963
276.4000,1.1099,1.0000,1.0000,0.2000,0.4138
273.0500,1.1099,1.0000,0.0000,0.2000,0.4328
272.2500,1.1099,1.0000,0.0000,0.2000,0.3453
274.3000,1.1099,1.0000,0.0000,0.2000,0.3120
272.6500,1.1099,1.0000,0.0000,0.2000,3.0109
267.7500,1.1099,1.0000,0.0000,0.1500,0.4987
276.3500,1.1099,1.0000,0.0000,0.3000,0.0647
271.8000,1.1099,1.0000,0.0000,0.2000,1.2265
274.3000,1.1099,1.0000,0.0000,0.2000,0.7312
276.2000,1.1099,1.0000,0.0000,0.2000,0.2827
272.8500,1.1099,1.0000,0.0000,0.2000,-0.0457
276.1500,1.1099,1.0000,0.0000,0.1500,1.3164
272.1500,1.1099,1.0000,0.0000,0.1500,0.6906
270.0000,1.1099,1.0000,0.0000,0.2000,0.6784
276.0000,1.1099,1.0000,0.0000,0.1500,1.1232
277.0500,1.1099,1.0000,0.0000,0.2000,0.5207
269.8000,1.1099,1.0000,0.0000,0.2000,0.5312
276.9000,1.1099,1.0000,0.0000,0.2000,0.4816
278.0500,1.1099,1.0000,0.0000,0.2000,0.8457
281.1000,1.1099,1.0000,0.0000,0.2500,-0.3803
277.0000,1.1099,1.0000,0.0000,0.2500,0.3335
269.1000,1.1099,1.0000,0.0000,0.2000,1.5675
277.2500,1.1099,1.0000,0.0000,0.1500,0.4597
264.8500,1.1099,1.0000,0.0000,0.3000,2.3262
275.7000,1.1099,1.0000,0.0000,0.2000,0.3688
267.8000,1.1099,1.0000,0.0000,0.2500,0.5356
266.3000,1.1099,1.0000,0.0000,0.2000,3.5220
271.3500,1.1099,1.0000,0.0000,0.2000,0.9767
275.8500,1.1099,1.0000,0.0000,0.2000,-0.3804
266.1000,1.1099,1.0000,0.0000,0.2000,0.8536
265.5000,1.1099,1.0000,0.0000,0.2000,1.0610
265.5500,1.1099,1.0000,0.0000,0.2000,1.8175
273.6000,1.1099,1.0000,1.0000,0.2000,0.5865
274.2500,1.1099,1.0000,0.0000,0.2500,1.9577
272.4500,1.1099,1.0000,0.0000,0.1500,-0.0661
276.3500,1.1099,1.0000,0.0000,0.2000,-0.0448
275.7000,1.1099,1.0000,0.0000,0.2000,-0.3351
271.7000,1.1099,1.0000,0.0000,0.2000,1.5389
267.8000,1.1099,1.0000,0.0000,0.2000,0.8717
274.7000,1.1099,1.0000,0.0000,0.2000,-0.4762
271.3000,1.1099,1.0000,0.0000,0.2000,2.6415
275.1500,1.1099,1.0000,0.0000,0.2000,-0.1780
273.0500,1.1099,1.0000,0.0000,0.2000,0.7673
275.0500,1.1099,1.0000,0.0000,0.2000,0.4291
272.7000,1.1099,1.0000,0.0000,0.2000,0.3309
272.3500,1.1099,1.0000,0.0000,0.2500,0.3516
280.0500,1.1099,1.0000,0.0000,0.2000,1.6104
272.2500,1.1099,1.0000,0.0000,0.1500,4.2817
274.1000,1.1099,1.0000,0.0000,0.2500,0.5911
272.7000,1.1099,1.0000,0.0000,0.2000,0.2523
271.8500,1.1099,1.0000,0.0000,0.1500,1.7105
275.8500,1.1099,1.0000,0.0000,0.2000,-0.1294
270.2000,1.1099,1.0000,0.0000,0.2000,0.1943
276.5500,1.1099,1.0000,0.0000,0.2500,-0.6934
271.5000,1.1099,1.0000,0.0000,0.2000,1.6083
272.0000,1.1099,1.0000,0.0000,0.2500,5.0914
274.0000,1.1099,1.0000,0.0000,0.2000,-0.0266
297.1000,1.1099,1.0000,1.0000,0.2000,3.5093
274.6000,1.1099,1.0000,0.0000,0.2000,0.0823
270.1500,1.1099,1.0000,0.0000,0.2000,0.7155
263.2500,1.1099,1.0000,0.0000,0.2000,2.0331
279.7000,1.1099,1.0000,0.0000,0.1500,1.1202
271.0500,1.1099,1.0000,0.0000,0.2000,0.7607
283.7000,1.1099,1.0000,0.0000,0.2000,0.8605
271.0000,1.1099,1.0000,0.0000,0.2000,0.8422
272.5000,1.1099,1.0000,0.0000,0.1500,3.3971
269.4000,1.1099,1.0000,0.0000,0.2000,1.5245
269.2000,1.1099,1.0000,0.0000,0.2000,0.2862
268.9500,1.1099,1.0000,0.0000,0.1500,1.0641
273.9000,1.1099,1.0000,0.0000,0.2000,0.4791
268.8500,1.1099,1.0000,0.0000,0.2000,0.3322
268.2500,1.1099,1.0000,0.0000,0.2000,1.0075
273.6000,1.1099,1.0000,0.0000,0.2000,0.1320
274.9500,1.1099,1.0000,0.0000,0.2500,-0.0365
271.2000,1.1099,1.0000,0.0000,0.2000,0.0146
276.9000,1.1099,1.0000,0.0000,0.2500,0.3262
270.0500,1.1099,1.0000,0.0000,0.2000,1.9836
280.8000,1.1099,1.0000,0.0000,0.2000,-0.7703
280.7500,1.1099,1.0000,0.0000,0.2000,-0.4039
282.5500,1.1099,1.0000,0.0000,0.2000,1.2040
282.4000,1.1099,1.0000,0.0000,0.2000,0.4769
280.4000,1.1099,1.0000,0.0000,0.2000,0.4374
281.4000,1.1099,1.0000,0.0000,0.2000,-0.1591
268.2500,1.1099,1.0000,0.0000,0.2000,2.6291
279.2000,1.1099,1.0000,0.0000,0.2000,-0.0577
275.1000,1.1099,1.0000,0.0000,0.2000,0.3215
277.6000,1.1099,1.0000,0.0000,0.2500,0.0926
278.8500,1.1099,1.0000,0.0000,0.2500,2.6873
276.0500,1.1099,1.0000,0.0000,0.2000,0.0552
278.5500,1.1099,1.0000,0.0000,0.2500,-0.4731
277.4500,1.1099,1.0000,0.0000,0.2000,-0.3690
278.2000,1.1099,1.0000,0.0000,0.2000,1.8813
282.4500,1.1099,1.0000,0.0000,0.2000,-0.2259
277.4000,1.1099,1.0000,0.0000,0.2000,3.0721
282.4500,1.1099,1.0000,0.0000,0.2000,1.1027
273.9500,1.1099,1.0000,0.0000,0.2000,0.9447
276.9000,1.1099,1.0000,0.0000,0.2000,1.7159
280.6000,1.1099,1.0000,0.0000,0.2000,0.6984
279.0000,1.1099,1.0000,1.0000,0.2500,0.4161
279.2000,1.1099,1.0000,0.0000,0.2500,0.8164
274.3500,1.1099,1.0000,0.0000,0.2500,0.5358
287.3000,1.1099,1.0000,0.0000,0.2000,0.3356
270.0000,1.1099,1.0000,0.0000,0.2000,0.5563
276.4500,1.1099,1.0000,0.0000,0.2000,1.0197
287.1500,1.1099,1.0000,0.0000,0.2000,1.2857
274.3000,1.1099,1.0000,0.0000,0.2000,0.5672
277.2500,1.1099,1.0000,0.0000,0.2000,0.7036
286.1500,1.1099,1.0000,0.0000,0.2500,1.3656
274.1000,1.1099,1.0000,0.0000,0.2000,1.7867
271.5000,1.1099,1.0000,0.0000,0.2000,2.3621
274.7000,1.1099,1.0000,0.0000,0.2000,0.5840
275.6500,1.1099,1.0000,0.0000,0.2000,2.1605
