time_interval,rate_in,limit,truck,t_react,automax
287.2500,1.2225,1.0000,0.0000,0.2000,0.4585
276.6000,1.2225,1.0000,0.0000,0.2000,0.2361
275.6500,1.2225,1.0000,0.0000,0.2000,2.1213
277.8000,1.2225,1.0000,0.0000,0.2500,0.2297
286.2500,1.2225,1.0000,0.0000,0.2000,1.1578
274.5000,1.2225,1.0000,0.0000,0.2000,-0.0251
273.0500,1.2225,1.0000,0.0000,0.2000,0.4312
308.9500,1.2225,1.0000,0.0000,0.2000,0.8056
274.1500,1.2225,1.0000,0.0000,0.2000,0.4512
273.2500,1.2225,1.0000,0.0000,0.2000,1.9369
311.2500,1.2225,1.0000,0.0000,0.2000,0.6591
310.8000,1.2225,1.0000,0.0000,0.2000,1.2435
273.9000,1.2225,1.0000,0.0000,0.1500,0.5841
306.4500,1.2225,1.0000,0.0000,0.2500,0.9802
299.8000,1.2225,1.0000,0.0000,0.2000,0.0226
268.4500,1.2225,1.0000,0.0000,0.2500,1.3056
288.7500,1.2225,1.0000,0.0000,0.2000,0.6734
271.4000,1.2225,1.0000,0.0000,0.2000,0.2326
283.9500,1.2225,1.0000,0.0000,0.2000,0.8907
300.7000,1.2225,1.0000,0.0000,0.3000,0.7165
271.3000,1.2225,1.0000,0.0000,0.2000,1.5624
270.8500,1.2225,1.0000,0.0000,0.2000,0.1238
276.6500,1.2225,1.0000,0.0000,0.2500,1.0270
272.9500,1.2225,1.0000,0.0000,0.2000,0.8675
270.8000,1.2225,1.0000,0.0000,0.2000,0.8058
275.9000,1.2225,1.0000,0.0000,0.2000,0.7528
301.0500,1.2225,1.0000,0.0000,0.1500,0.2520
270.8000,1.2225,1.0000,0.0000,0.2000,0.3848
280.8000,1.2225,1.0000,0.0000,0.2000,0.2985
269.3000,1.2225,1.0000,0.0000,0.2000,1.1012
331.1500,1.2225,1.0000,1.0000,0.2000,3.3386
278.9000,1.2225,1.0000,0.0000,0.2000,1.8291
266.7500,1.2225,1.0000,0.0000,0.2000,1.7263
292.9000,1.2225,1.0000,0.0000,0.1500,1.2102
267.1000,1.2225,1.0000,0.0000,0.2000,1.0704
295.9000,1.2225,1.0000,0.0000,0.2000,2.2995
295.7000,1.2225,1.0000,0.0000,0.2500,-0.0860
286.0500,1.2225,1.0000,0.0000,0.2000,1.0649
273.7000,1.2225,1.0000,0.0000,0.2000,1.2293
291.1500,1.2225,1.0000,0.0000,0.2000,1.2660
286.9500,1.2225,1.0000,0.0000,0.2000,0.8768
276.4000,1.2225,1.0000,0.0000,0.2000,-0.0840
303.9500,1.2225,1.0000,0.0000,0.1500,0.4292
350.5000,1.2225,1.0000,1.0000,0.2000,-0.1312
291.0000,1.2225,1.0000,0.0000,0.2500,0.0799
271.4000,1.2225,1.0000,0.0000,0.1500,0.4150
289.6500,1.2225,1.0000,0.0000,0.2000,1.2765
273.6000,1.2225,1.0000,0.0000,0.2000,0.0791
273.4500,1.2225,1.0000,0.0000,0.2000,-0.0914
314.3500,1.2225,1.0000,0.0000,0.2000,0.8429
273.4000,1.2225,1.0000,0.0000,0.1500,0.6184
285.8000,1.2225,1.0000,0.0000,0.2000,0.7367
288.4000,1.2225,1.0000,0.0000,0.2000,-0.1420
273.4500,1.2225,1.0000,0.0000,0.2000,0.3514
285.3500,1.2225,1.0000,0.0000,0.1500,0.8716
273.0500,1.2225,1.0000,0.0000,0.2000,0.5100
273.3500,1.2225,1.0000,0.0000,0.2000,2.8304
277.9500,1.2225,1.0000,0.0000,0.2000,0.8945
305.3000,1.2225,1.0000,0.0000,0.2000,0.9047
277.7500,1.2225,1.0000,0.0000,0.2500,1.0273
280.0500,1.2225,1.0000,0.0000,0.1500,-0.1041
278.3000,1.2225,1.0000,0.0000,0.2000,0.4883
291.4000,1.2225,1.0000,0.0000,0.2000,-0.0836
271.1000,1.2225,1.0000,0.0000,0.2000,1.4257
305.9500,1.2225,1.0000,0.0000,0.2000,1.0064
280.4000,1.2225,1.0000,0.0000,0.2000,0.7127
278.2000,1.2225,1.0000,0.0000,0.2000,1.8019
308.7500,1.2225,1.0000,0.0000,0.2000,0.8105
278.3000,1.2225,1.0000,0.0000,0.2000,1.9454
278.4000,1.2225,1.0000,0.0000,0.2000,1.0053
310.7500,1.2225,1.0000,0.0000,0.2000,1.5336
279.4000,1.2225,1.0000,0.0000,0.2000,0.1292
278.4000,1.2225,1.0000,0.0000,0.2000,0.5167
311.3000,1.2225,1.0000,0.0000,0.2000,3.0775
275.3000,1.2225,1.0000,0.0000,0.2000,0.2343
279.6500,1.2225,1.0000,0.0000,0.2500,0.2382
283.4500,1.2225,1.0000,0.0000,0.2000,0.5736
283.6000,1.2225,1.0000,0.0000,0.1500,-0.0009
275.9000,1.2225,1.0000,0.0000,0.2000,0.7974
274.4500,1.2225,1.0000,0.0000,0.1500,0.1014
280.9000,1.2225,1.0000,0.0000,0.2000,0.2687
274.1000,1.2225,1.0000,0.0000,0.2000,0.5278
275.3500,1.2225,1.0000,0.0000,0.2000,0.2891
282.3500,1.2225,1.0000,1.0000,0.2000,-0.2856
307.3000,1.2225,1.0000,0.0000,0.2000,0.4839
280.0000,1.2225,1.0000,0.0000,0.2000,-0.5501
309.7000,1.2225,1.0000,0.0000,0.2000,0.9537
269.5500,1.2225,1.0000,0.0000,0.2000,1.0908
277.6500,1.2225,1.0000,0.0000,0.1500,0.5133
280.3500,1.2225,1.0000,0.0000,0.2000,0.4610
305.8000,1.2225,1.0000,0.0000,0.2000,0.3026
298.0500,1.2225,1.0000,0.0000,0.3000,5.0334
278.1500,1.2225,1.0000,0.0000,0.2000,0.2285
281.6500,1.2225,1.0000,0.0000,0.2500,-0.1210
274.0000,1.2225,1.0000,0.0000,0.2000,0.7255
273.5500,1.2225,1.0000,0.0000,0.2500,0.7664
278.8000,1.2225,1.0000,0.0000,0.2500,3.4034
275.1500,1.2225,1.0000,0.0000,0.2000,5.2538
296.3500,1.2225,1.0000,0.0000,0.2000,1.2784
275.9000,1.2225,1.0000,0.0000,0.2000,0.6866
276.8500,1.2225,1.0000,0.0000,0.2500,0.3993
289.5500,1.2225,1.0000,0.0000,0.2000,0.3633
282.8500,1.2225,1.0000,0.0000,0.2000,0.3563
276.7000,1.2225,1.0000,0.0000,0.2500,0.1425
276.4500,1.2225,1.0000,0.0000,0.1500,1.7639
273.2500,1.2225,1.0000,0.0000,0.2000,0.6344
278.2500,1.2225,1.0000,0.0000,0.2500,0.6254
280.2500,1.2225,1.0000,0.0000,0.2000,0.4280
272.3000,1.2225,1.0000,0.0000,0.2000,0.3415
274.8500,1.2225,1.0000,0.0000,0.3000,1.3131
277.3500,1.2225,1.0000,0.0000,0.2000,-0.0671
281.1500,1.2225,1.0000,0.0000,0.3000,0.8597
276.7500,1.2225,1.0000,1.0000,0.2000,1.5588
342.0500,1.2225,1.0000,1.0000,0.2000,0.5222
279.1000,1.2225,1.0000,0.0000,0.2000,1.1322
290.9500,1.2225,1.0000,0.0000,0.2000,-0.3998
280.0000,1.2225,1.0000,0.0000,0.2000,2.9488
289.0500,1.2225,1.0000,0.0000,0.2000,-0.6351
338.7000,1.2225,1.0000,0.0000,0.2000,0.4850
277.4500,1.2225,1.0000,0.0000,0.2000,1.6451
286.9500,1.2225,1.0000,0.0000,0.2000,0.8397
287.7000,1.2225,1.0000,0.0000,0.2000,0.1477
276.0500,1.2225,1.0000,0.0000,0.2000,1.0512
277.3500,1.2225,1.0000,0.0000,0.2000,1.7966
274.3000,1.2225,1.0000,0.0000,0.2000,1.3367
272.9500,1.2225,1.0000,0.0000,0.2000,2.0107
276.1500,1.2225,1.0000,0.0000,0.2000,2.6570
285.4500,1.2225,1.0000,0.0000,0.2000,2.8092
281.4500,1.2225,1.0000,0.0000,0.1500,3.4538
271.0500,1.2225,1.0000,0.0000,0.2000,1.3055
282.8000,1.2225,1.0000,0.0000,0.2000,-0.0012
315.2500,1.2225,1.0000,0.0000,0.2000,1.6079
271.7000,1.2225,1.0000,0.0000,0.1500,0.5145
282.5500,1.2225,1.0000,0.0000,0.2000,3.0963
270.5500,1.2225,1.0000,0.0000,0.2000,0.7359
266.7500,1.2225,1.0000,0.0000,0.1500,6.1231
280.4000,1.2225,1.0000,0.0000,0.2500,1.3741
272.0500,1.2225,1.0000,0.0000,0.2500,0.9661
304.9000,1.2225,1.0000,0.0000,0.2000,2.0588
271.8500,1.2225,1.0000,0.0000,0.2500,1.0221
268.6500,1.2225,1.0000,0.0000,0.2000,0.7343
318.7500,1.2225,1.0000,0.0000,0.2000,1.5628
273.4500,1.2225,1.0000,0.0000,0.2000,0.1768
329.0500,1.2225,1.0000,0.0000,0.2000,-0.0286
280.1500,1.2225,1.0000,0.0000,0.2000,0.7827
269.2000,1.2225,1.0000,0.0000,0.1500,0.3620
328.5000,1.2225,1.0000,0.0000,0.2500,1.2471
279.7500,1.2225,1.0000,0.0000,0.2000,3.8643
270.3000,1.2225,1.0000,0.0000,0.2000,0.9645
268.9000,1.2225,1.0000,0.0000,0.2000,1.4979
273.1500,1.2225,1.0000,0.0000,0.2000,0.8657
273.0000,1.2225,1.0000,0.0000,0.2000,0.9290
270.4500,1.2225,1.0000,0.0000,0.2000,0.9563
272.6000,1.2225,1.0000,0.0000,0.2000,0.0913
313.8500,1.2225,1.0000,0.0000,0.1500,1.3184
273.4000,1.2225,1.0000,0.0000,0.2000,-0.2865
318.8500,1.2225,1.0000,0.0000,0.2000,0.9791
278.8500,1.2225,1.0000,1.0000,0.2000,-0.0614
273.2500,1.2225,1.0000,0.0000,0.2000,0.8873
321.7000,1.2225,1.0000,0.0000,0.1500,0.4278
275.8000,1.2225,1.0000,0.0000,0.2000,-0.3776
274.4000,1.2225,1.0000,0.0000,0.1500,0.2366
310.1000,1.2225,1.0000,0.0000,0.2000,0.5079
270.5000,1.2225,1.0000,0.0000,0.2000,0.5429
277.0500,1.2225,1.0000,0.0000,0.2000,0.9439
303.4000,1.2225,1.0000,0.0000,0.2000,0.1733
265.7500,1.2225,1.0000,0.0000,0.2000,1.5568
276.8000,1.2225,1.0000,0.0000,0.2000,0.7718
274.5000,1.2225,1.0000,0.0000,0.2000,1.4254
270.5500,1.2225,1.0000,0.0000,0.2000,0.6173
313.2000,1.2225,1.0000,0.0000,0.2000,-0.2768
276.4000,1.2225,1.0000,0.0000,0.2000,0.8548
277.3500,1.2225,1.0000,0.0000,0.2500,0.1156
311.9500,1.2225,1.0000,0.0000,0.2000,1.4697
263.5000,1.2225,1.0000,0.0000,0.2500,2.6633
272.6500,1.2225,1.0000,0.0000,0.2000,0.8002
283.9000,1.2225,1.0000,0.0000,0.2000,2.3481
273.2500,1.2225,1.0000,0.0000,0.2000,0.5131
275.3500,1.2225,1.0000,0.0000,0.2000,0.7614
310.2500,1.2225,1.0000,0.0000,0.2000,2.3253
268.0000,1.2225,1.0000,0.0000,0.2000,0.9343
275.0500,1.2225,1.0000,0.0000,0.2000,0.7800
310.1500,1.2225,1.0000,0.0000,0.2000,0.4620
275.6500,1.2225,1.0000,0.0000,0.2000,3.0228
275.4000,1.2225,1.0000,0.0000,0.2500,0.2529
308.7000,1.2225,1.0000,0.0000,0.2000,1.4762
271.7000,1.2225,1.0000,0.0000,0.1500,0.9686
259.7500,1.2225,1.0000,0.0000,0.1500,4.0179
269.1000,1.2225,1.0000,0.0000,0.2000,1.0463
268.5500,1.2225,1.0000,0.0000,0.2000,1.9829
263.8500,1.2225,1.0000,0.0000,0.2000,1.3347
263.1500,1.2225,1.0000,0.0000,0.2000,1.9118
269.3000,1.2225,1.0000,0.0000,0.3000,0.4054
296.1500,1.2225,1.0000,0.0000,0.2000,0.5620
290.9500,1.2225,1.0000,0.0000,0.2000,-0.9717
270.2500,1.2225,1.0000,0.0000,0.2000,0.8405
298.6500,1.2225,1.0000,0.0000,0.2000,1.7779
289.7500,1.2225,1.0000,0.0000,0.1500,1.1994
269.1000,1.2225,1.0000,0.0000,0.2000,0.3991
267.8500,1.2225,1.0000,0.0000,0.2000,1.4642
264.7500,1.2225,1.0000,0.0000,0.2000,0.7608
268.9000,1.2225,1.0000,0.0000,0.2000,2.2124
289.6000,1.2225,1.0000,0.0000,0.2000,2.3505
278.3500,1.2225,1.0000,0.0000,0.2000,-0.2923
267.6500,1.2225,1.0000,0.0000,0.2000,0.6591
295.9500,1.2225,1.0000,0.0000,0.2000,1.2754
262.4000,1.2225,1.0000,0.0000,0.2000,2.6527
313.1000,1.2225,1.0000,0.0000,0.2000,4.0535
297.1000,1.2225,1.0000,0.0000,0.1500,0.6180
269.4000,1.2225,1.0000,0.0000,0.2000,0.4664
285.9500,1.2225,1.0000,0.0000,0.2500,1.6481
291.1000,1.2225,1.0000,0.0000,0.2000,0.1941
273.2000,1.2225,1.0000,0.0000,0.2000,0.2612
277.8500,1.2225,1.0000,0.0000,0.2000,3.1122
273.2000,1.2225,1.0000,0.0000,0.2000,1.1841
306.8000,1.2225,1.0000,0.0000,0.2000,2.6152
308.7500,1.2225,1.0000,0.0000,0.1500,0.0760
279.7500,1.2225,1.0000,0.0000,0.2000,-0.3820
275.3500,1.2225,1.0000,0.0000,0.2000,4.4244
292.8000,1.2225,1.0000,0.0000,0.2000,0.3800
279.3500,1.2225,1.0000,0.0000,0.2000,-0.1397
289.3500,1.2225,1.0000,0.0000,0.2500,2.4777
279.3000,1.2225,1.0000,0.0000,0.2000,0.8208
304.3000,1.2225,1.0000,0.0000,0.2000,0.7657
312.2500,1.2225,1.0000,0.0000,0.2000,0.8217
279.2000,1.2225,1.0000,0.0000,0.1500,0.4292
288.3500,1.2225,1.0000,0.0000,0.2500,0.3726
279.1500,1.2225,1.0000,0.0000,0.2000,5.1951
288.0000,1.2225,1.0000,0.0000,0.2000,-0.1254
280.3000,1.2225,1.0000,0.0000,0.2000,2.0316
278.8500,1.2225,1.0000,0.0000,0.2000,0.5466
285.0500,1.2225,1.0000,0.0000,0.2000,4.0970
278.7500,1.2225,1.0000,0.0000,0.2000,1.2441
285.7000,1.2225,1.0000,0.0000,0.2000,1.2159
281.1000,1.2225,1.0000,0.0000,0.2000,1.1406
279.8500,1.2225,1.0000,0.0000,0.2000,0.2431
280.6000,1.2225,1.0000,0.0000,0.2000,1.5796
298.7000,1.2225,1.0000,0.0000,0.2000,1.8335
275.4000,1.2225,1.0000,0.0000,0.1500,0.2523
275.3000,1.2225,1.0000,0.0000,0.2000,1.0355
282.3000,1.2225,1.0000,0.0000,0.2000,1.7866
299.4500,1.2225,1.0000,0.0000,0.2000,2.7476
299.7500,1.2225,1.0000,0.0000,0.2000,-0.5684
279.9500,1.2225,1.0000,0.0000,0.2000,-0.1774
276.2500,1.2225,1.0000,0.0000,0.2000,1.3996
275.4000,1.2225,1.0000,0.0000,0.2000,0.9548
279.3500,1.2225,1.0000,0.0000,0.2000,0.2552
284.7500,1.2225,1.0000,0.0000,0.2000,0.3742
285.4000,1.2225,1.0000,0.0000,0.2000,3.8447
279.6500,1.2225,1.0000,0.0000,0.2500,1.4450
277.0000,1.2225,1.0000,0.0000,0.2000,3.7553
276.8500,1.2225,1.0000,0.0000,0.2000,2.2328
277.8500,1.2225,1.0000,0.0000,0.2000,0.4144
290.9500,1.2225,1.0000,0.0000,0.2000,0.6565
271.1500,1.2225,1.0000,0.0000,0.2500,1.2006
291.8000,1.2225,1.0000,0.0000,0.2000,-0.2636
277.4000,1.2225,1.0000,0.0000,0.2000,0.6469
293.3000,1.2225,1.0000,0.0000,0.2000,0.1858
291.4500,1.2225,1.0000,0.0000,0.2000,2.9216
277.2000,1.2225,1.0000,0.0000,0.1500,0.9729
272.1500,1.2225,1.0000,0.0000,0.2500,2.4268
276.9000,1.2225,1.0000,0.0000,0.2000,1.2444
273.1500,1.2225,1.0000,0.0000,0.2000,2.8362
275.5000,1.2225,1.0000,0.0000,0.2000,1.7475
283.5000,1.2225,1.0000,0.0000,0.3000,1.5045
276.1000,1.2225,1.0000,0.0000,0.2000,-0.0536
273.4000,1.2225,1.0000,0.0000,0.2500,0.6057
334.9000,1.2225,1.0000,1.0000,0.2000,1.0373
277.8500,1.2225,1.0000,0.0000,0.2000,-0.2688
279.3500,1.2225,1.0000,0.0000,0.2000,0.4338
278.4000,1.2225,1.0000,0.0000,0.2000,0.8068
286.3000,1.2225,1.0000,0.0000,0.2000,3.4623
278.6500,1.2225,1.0000,0.0000,0.2000,0.5998
280.7500,1.2225,1.0000,0.0000,0.2500,0.4961
271.5000,1.2225,1.0000,0.0000,0.2000,0.0996
271.2500,1.2225,1.0000,0.0000,0.2000,4.4369
276.2500,1.2225,1.0000,0.0000,0.2500,0.5302
276.4000,1.2225,1.0000,0.0000,0.2000,1.5044
281.4500,1.2225,1.0000,0.0000,0.1500,0.8832
282.6000,1.2225,1.0000,0.0000,0.2500,-0.2412
278.2000,1.2225,1.0000,0.0000,0.1500,4.7966
282.5000,1.2225,1.0000,0.0000,0.2000,0.6170
272.5000,1.2225,1.0000,0.0000,0.2000,0.6047
289.2000,1.2225,1.0000,0.0000,0.2000,1.5301
282.3500,1.2225,1.0000,0.0000,0.2000,1.4324
273.9500,1.2225,1.0000,0.0000,0.2000,0.1789
285.9000,1.2225,1.0000,0.0000,0.2000,0.1328
283.7500,1.2225,1.0000,0.0000,0.2000,-0.2943
269.9000,1.2225,1.0000,0.0000,0.2000,0.6929
278.4000,1.2225,1.0000,0.0000,0.2500,1.2833
271.2500,1.2225,1.0000,0.0000,0.2500,1.5357
282.7500,1.2225,1.0000,0.0000,0.2000,-0.5360
282.5500,1.2225,1.0000,0.0000,0.2500,0.2636
272.9000,1.2225,1.0000,0.0000,0.2000,0.2371
269.8500,1.2225,1.0000,0.0000,0.2000,0.8301
312.0500,1.2225,1.0000,0.0000,0.2000,0.1837
270.3500,1.2225,1.0000,0.0000,0.2000,4.4338
277.2000,1.2225,1.0000,0.0000,0.2000,0.8463
280.6000,1.2225,1.0000,0.0000,0.2000,1.8932
266.8000,1.2225,1.0000,0.0000,0.2000,1.6604
269.9000,1.2225,1.0000,0.0000,0.2000,1.0972
290.7000,1.2225,1.0000,0.0000,0.2000,0.2352
273.0000,1.2225,1.0000,0.0000,0.2500,2.9854
278.7000,1.2225,1.0000,0.0000,0.2000,2.2419
275.1000,1.2225,1.0000,0.0000,0.2000,0.9399
279.3500,1.2225,1.0000,0.0000,0.1500,-0.8075
274.7500,1.2225,1.0000,0.0000,0.1500,0.8359
268.1000,1.2225,1.0000,0.0000,0.2000,2.8851
287.6000,1.2225,1.0000,0.0000,0.2000,1.3324
276.5000,1.2225,1.0000,0.0000,0.2000,0.2827
273.9000,1.2225,1.0000,0.0000,0.2000,0.3084
