time_interval,rate_in,limit,truck,t_react,automax
269.5500,1.5323,0.0000,0.0000,0.2000,1.3733
323.4000,1.5323,0.0000,0.0000,0.2000,-0.0871
309.4500,1.5323,0.0000,0.0000,0.2000,1.3427
269.2500,1.5323,0.0000,0.0000,0.2500,4.3471
322.2500,1.5323,0.0000,0.0000,0.1500,2.1379
289.4500,1.5323,0.0000,0.0000,0.2000,-0.1959
288.0500,1.5323,0.0000,1.0000,0.3000,0.1138
269.0500,1.5323,0.0000,0.0000,0.2000,0.3285
321.3000,1.5323,0.0000,0.0000,0.2000,0.4341
296.8000,1.5323,0.0000,0.0000,0.1500,1.4440
268.7500,1.5323,0.0000,0.0000,0.2000,2.2022
299.6000,1.5323,0.0000,0.0000,0.2000,1.4131
268.5000,1.5323,0.0000,0.0000,0.2000,1.7986
284.8500,1.5323,0.0000,0.0000,0.2500,1.5729
318.7000,1.5323,0.0000,0.0000,0.1500,0.4653
268.2000,1.5323,0.0000,0.0000,0.2000,0.7265
267.8000,1.5323,0.0000,0.0000,0.2000,1.0569
317.1500,1.5323,0.0000,0.0000,0.1500,1.0637
264.8000,1.5323,0.0000,0.0000,0.2000,2.3337
316.1000,1.5323,0.0000,0.0000,0.2000,0.4261
311.5000,1.5323,0.0000,0.0000,0.2500,-0.3672
256.7500,1.5323,0.0000,0.0000,0.2000,1.3296
314.8500,1.5323,0.0000,0.0000,0.2000,0.3572
313.8500,1.5323,0.0000,0.0000,0.2000,0.2903
290.4000,1.5323,0.0000,0.0000,0.2000,1.4236
313.7000,1.5323,0.0000,0.0000,0.2000,5.4641
310.9000,1.5323,0.0000,0.0000,0.2000,1.9051
262.5000,1.5323,0.0000,0.0000,0.2000,0.5720
262.3500,1.5323,0.0000,0.0000,0.2000,1.5786
262.2000,1.5323,0.0000,0.0000,0.2000,0.7530
311.9000,1.5323,0.0000,0.0000,0.2000,0.0084
261.9000,1.5323,0.0000,0.0000,0.2000,1.2866
278.1000,1.5323,0.0000,0.0000,0.2000,1.8699
309.9500,1.5323,0.0000,0.0000,0.2000,0.3468
278.5000,1.5323,0.0000,0.0000,0.2000,0.7159
261.7000,1.5323,0.0000,0.0000,0.2000,0.2633
261.4000,1.5323,0.0000,0.0000,0.1500,0.4153
286.8000,1.5323,0.0000,0.0000,0.2000,0.1190
272.4500,1.5323,0.0000,0.0000,0.2500,0.8608
261.1500,1.5323,0.0000,0.0000,0.1500,5.0941
304.9500,1.5323,0.0000,0.0000,0.2000,1.3005
285.0500,1.5323,0.0000,0.0000,0.2000,1.2048
260.8000,1.5323,0.0000,0.0000,0.2000,1.7490
253.2000,1.5323,0.0000,0.0000,0.2000,0.1879
305.0500,1.5323,0.0000,0.0000,0.2000,0.4399
273.3000,1.5323,0.0000,0.0000,0.2000,1.3039
273.5000,1.5323,0.0000,0.0000,0.2000,0.5174
302.9000,1.5323,0.0000,0.0000,0.2500,0.6487
258.7000,1.5323,0.0000,0.0000,0.2000,0.5800
258.3500,1.5323,0.0000,0.0000,0.2000,1.0729
303.3500,1.5323,0.0000,0.0000,0.2000,0.2167
300.8000,1.5323,0.0000,0.0000,0.2000,0.4816
273.4500,1.5323,0.0000,0.0000,0.2000,0.4032
257.9500,1.5323,0.0000,0.0000,0.2000,0.7531
299.0500,1.5323,0.0000,0.0000,0.2000,2.3038
274.3000,1.5323,0.0000,1.0000,0.2000,1.0416
298.7000,1.5323,0.0000,0.0000,0.2000,1.5941
257.5500,1.5323,0.0000,0.0000,0.2000,0.3611
313.9000,1.5323,0.0000,0.0000,0.2000,1.4212
257.2500,1.5323,0.0000,0.0000,0.2000,1.3164
310.0000,1.5323,0.0000,0.0000,0.2000,2.0396
308.3500,1.5323,0.0000,0.0000,0.2000,3.1505
256.9000,1.5323,0.0000,0.0000,0.2000,1.5704
296.6500,1.5323,0.0000,0.0000,0.2000,0.7601
292.9000,1.5323,0.0000,0.0000,0.2000,1.9592
296.4000,1.5323,0.0000,0.0000,0.2000,0.4620
256.5000,1.5323,0.0000,0.0000,0.1500,1.6925
311.2000,1.5323,0.0000,0.0000,0.1500,2.4842
256.1500,1.5323,0.0000,0.0000,0.2000,1.0595
255.8000,1.5323,0.0000,0.0000,0.2000,1.9016
291.8500,1.5323,0.0000,1.0000,0.2500,1.7246
270.5500,1.5323,0.0000,0.0000,0.2500,-0.0049
245.2500,1.5323,0.0000,0.0000,0.2000,0.9147
286.3000,1.5323,0.0000,0.0000,0.2000,1.0637
302.5000,1.5323,0.0000,0.0000,0.2000,0.3930
301.0500,1.5323,0.0000,0.0000,0.2000,0.6147
307.7500,1.5323,0.0000,0.0000,0.2000,0.4909
298.6000,1.5323,0.0000,0.0000,0.1500,0.9053
289.8500,1.5323,0.0000,0.0000,0.3000,0.7423
305.9000,1.5323,0.0000,0.0000,0.2000,0.7020
297.3500,1.5323,0.0000,0.0000,0.2000,3.2941
305.9500,1.5323,0.0000,0.0000,0.1500,1.4687
300.7000,1.5323,0.0000,0.0000,0.2000,-0.3939
287.8500,1.5323,0.0000,0.0000,0.2000,0.6920
283.0000,1.5323,0.0000,0.0000,0.2500,0.0622
305.5000,1.5323,0.0000,0.0000,0.2000,0.8781
287.6000,1.5323,0.0000,0.0000,0.2000,0.4526
305.4500,1.5323,0.0000,0.0000,0.2500,0.8546
298.8000,1.5323,0.0000,0.0000,0.2000,1.2420
281.1000,1.5323,0.0000,0.0000,0.2000,1.0448
304.8000,1.5323,0.0000,0.0000,0.1500,2.7192
298.6500,1.5323,0.0000,0.0000,0.2000,0.3055
278.9000,1.5323,0.0000,0.0000,0.2000,1.3592
298.5000,1.5323,0.0000,0.0000,0.2500,0.2058
305.2000,1.5323,0.0000,0.0000,0.2000,1.4583
298.3000,1.5323,0.0000,0.0000,0.2000,0.4225
279.2000,1.5323,0.0000,0.0000,0.2500,1.1746
306.6000,1.5323,0.0000,0.0000,0.2000,3.2276
297.6000,1.5323,0.0000,0.0000,0.2500,1.2363
298.1000,1.5323,0.0000,0.0000,0.2000,0.4809
296.9000,1.5323,0.0000,1.0000,0.2000,3.0131
279.0500,1.5323,0.0000,0.0000,0.2000,0.4555
277.5000,1.5323,0.0000,0.0000,0.2500,0.9979
296.7500,1.5323,0.0000,0.0000,0.2000,0.1203
279.8000,1.5323,0.0000,0.0000,0.2500,0.3014
281.5000,1.5323,0.0000,0.0000,0.2000,-0.2193
278.6000,1.5323,0.0000,0.0000,0.2000,8.0135
296.5500,1.5323,0.0000,0.0000,0.2000,0.4503
282.8000,1.5323,0.0000,0.0000,0.2500,0.3575
300.3500,1.5323,0.0000,0.0000,0.2500,0.5551
293.5500,1.5323,0.0000,0.0000,0.1500,0.8907
295.0000,1.5323,0.0000,0.0000,0.2500,-0.0745
306.3000,1.5323,0.0000,0.0000,0.2000,0.1997
270.2000,1.5323,0.0000,0.0000,0.2000,1.5950
335.8000,1.5323,0.0000,0.0000,0.2500,0.9121
291.0500,1.5323,0.0000,0.0000,0.2000,1.0750
293.4000,1.5323,0.0000,0.0000,0.2000,0.2685
295.5500,1.5323,0.0000,0.0000,0.2000,0.3231
315.6000,1.5323,0.0000,0.0000,0.2000,3.3586
293.3500,1.5323,0.0000,0.0000,0.2000,0.5257
295.4500,1.5323,0.0000,0.0000,0.2000,0.2803
313.4500,1.5323,0.0000,0.0000,0.2000,0.8517
293.3500,1.5323,0.0000,0.0000,0.2000,0.7825
290.9500,1.5323,0.0000,0.0000,0.2000,1.0810
292.3000,1.5323,0.0000,0.0000,0.2500,0.4536
316.8500,1.5323,0.0000,0.0000,0.2000,1.1188
293.3500,1.5323,0.0000,0.0000,0.2000,0.7140
315.4500,1.5323,0.0000,0.0000,0.2000,0.2648
294.1500,1.5323,0.0000,0.0000,0.2000,-0.5492
293.3000,1.5323,0.0000,0.0000,0.2000,2.2688
316.5000,1.5323,0.0000,0.0000,0.2000,2.5435
294.1000,1.5323,0.0000,0.0000,0.2000,0.8227
293.2500,1.5323,0.0000,0.0000,0.2000,1.7055
290.6500,1.5323,0.0000,0.0000,0.2000,0.5084
293.0000,1.5323,0.0000,0.0000,0.2000,3.6732
293.2000,1.5323,0.0000,0.0000,0.2000,3.1813
315.0500,1.5323,0.0000,0.0000,0.2000,0.5262
293.1500,1.5323,0.0000,0.0000,0.2500,1.1386
295.9500,1.5323,0.0000,0.0000,0.2000,0.7291
321.5500,1.5323,0.0000,0.0000,0.2000,1.9297
298.1000,1.5323,0.0000,0.0000,0.2000,0.5755
293.1000,1.5323,0.0000,0.0000,0.2000,0.6700
318.8000,1.5323,0.0000,0.0000,0.2000,0.8275
287.6500,1.5323,0.0000,0.0000,0.2000,0.3386
301.3000,1.5323,0.0000,0.0000,0.2000,1.1271
321.2500,1.5323,0.0000,0.0000,0.2500,1.0270
298.8500,1.5323,0.0000,0.0000,0.2000,0.8920
291.3000,1.5323,0.0000,0.0000,0.2000,-0.1693
303.6000,1.5323,0.0000,0.0000,0.2000,0.1456
330.7000,1.5323,0.0000,0.0000,0.2000,0.5396
264.9000,1.5323,0.0000,0.0000,0.2000,1.3258
318.3500,1.5323,0.0000,0.0000,0.2500,2.4311
306.0500,1.5323,0.0000,0.0000,0.2000,-0.3025
289.5000,1.5323,0.0000,0.0000,0.2000,1.4751
313.5500,1.5323,0.0000,0.0000,0.2000,0.1911
304.4500,1.5323,0.0000,0.0000,0.2000,2.5880
289.3500,1.5323,0.0000,0.0000,0.1500,2.1703
305.4000,1.5323,0.0000,0.0000,0.2000,0.9535
289.2500,1.5323,0.0000,0.0000,0.2000,0.5595
305.8000,1.5323,0.0000,0.0000,0.1500,0.4821
313.3000,1.5323,0.0000,0.0000,0.2000,1.1671
308.6000,1.5323,0.0000,0.0000,0.1500,0.9932
288.4000,1.5323,0.0000,1.0000,0.2000,1.9013
322.2500,1.5323,0.0000,0.0000,0.2000,2.1871
311.4000,1.5323,0.0000,0.0000,0.2500,2.0171
322.9500,1.5323,0.0000,0.0000,0.2000,1.7223
288.1500,1.5323,0.0000,0.0000,0.2500,0.7233
311.2000,1.5323,0.0000,0.0000,0.2000,1.1202
321.2000,1.5323,0.0000,0.0000,0.2000,1.2275
310.6000,1.5323,0.0000,0.0000,0.2000,0.2861
287.8500,1.5323,0.0000,0.0000,0.2000,1.3708
320.7000,1.5323,0.0000,0.0000,0.1500,2.0198
287.5000,1.5323,0.0000,0.0000,0.1500,2.9979
287.1500,1.5323,0.0000,0.0000,0.2000,0.5630
312.9500,1.5323,0.0000,0.0000,0.2000,2.1719
319.0500,1.5323,0.0000,0.0000,0.2000,0.9842
286.8500,1.5323,0.0000,0.0000,0.2000,0.6838
318.4000,1.5323,0.0000,0.0000,0.2000,1.7274
308.5000,1.5323,0.0000,0.0000,0.2000,0.5577
314.1500,1.5323,0.0000,0.0000,0.2000,0.9535
275.2500,1.5323,0.0000,0.0000,0.2000,1.1085
284.8000,1.5323,0.0000,0.0000,0.2000,-0.2712
306.1000,1.5323,0.0000,0.0000,0.2000,0.2246
308.8500,1.5323,0.0000,0.0000,0.2000,0.0016
309.8500,1.5323,0.0000,0.0000,0.2000,3.6729
284.5000,1.5323,0.0000,0.0000,0.2000,0.4982
284.1500,1.5323,0.0000,0.0000,0.2000,1.8336
311.4500,1.5323,0.0000,0.0000,0.2000,0.2474
258.9500,1.5323,0.0000,0.0000,0.2000,-0.1664
303.0500,1.5323,0.0000,0.0000,0.2000,2.8035
322.5000,1.5323,0.0000,0.0000,0.2000,-0.0994
257.2500,1.5323,0.0000,0.0000,0.2000,3.2978
310.1000,1.5323,0.0000,0.0000,0.2000,0.7456
310.6500,1.5323,0.0000,0.0000,0.2000,1.6140
279.9500,1.5323,0.0000,0.0000,0.2000,0.5887
291.6500,1.5323,0.0000,0.0000,0.2000,0.6060
268.2000,1.5323,0.0000,0.0000,0.2000,0.2346
318.4500,1.5323,0.0000,0.0000,0.2000,1.1384
255.4000,1.5323,0.0000,0.0000,0.1500,0.9784
300.0000,1.5323,0.0000,0.0000,0.2000,0.8693
306.1000,1.5323,0.0000,0.0000,0.2500,2.3706
251.9000,1.5323,0.0000,0.0000,0.2000,2.1336
320.4000,1.5323,0.0000,0.0000,0.2000,0.6272
253.5500,1.5323,0.0000,0.0000,0.2000,3.8812
302.9500,1.5323,0.0000,0.0000,0.1500,1.9929
323.4000,1.5323,0.0000,0.0000,0.1500,-1.0726
299.3500,1.5323,0.0000,0.0000,0.2000,0.8025
302.3500,1.5323,0.0000,0.0000,0.1500,1.1959
272.2500,1.5323,0.0000,0.0000,0.2000,-0.1655
314.4500,1.5323,0.0000,0.0000,0.1500,-0.5945
271.8000,1.5323,0.0000,0.0000,0.2000,1.2724
317.4000,1.5323,0.0000,0.0000,0.2000,1.2605
300.4000,1.5323,0.0000,0.0000,0.2000,2.2117
258.2000,1.5323,0.0000,0.0000,0.2000,0.3207
298.1500,1.5323,0.0000,0.0000,0.2000,0.1126
269.5500,1.5323,0.0000,0.0000,0.2000,0.7359
268.5000,1.5323,0.0000,0.0000,0.2000,-0.0385
314.5500,1.5323,0.0000,0.0000,0.1500,0.9399
303.7500,1.5323,0.0000,0.0000,0.2000,0.7883
305.1000,1.5323,0.0000,0.0000,0.1500,0.9790
268.0500,1.5323,0.0000,0.0000,0.2000,0.3190
296.5000,1.5323,0.0000,0.0000,0.2000,9.3915
267.6500,1.5323,0.0000,0.0000,0.2000,0.7969
284.7500,1.5323,0.0000,0.0000,0.2000,0.2281
305.6000,1.5323,0.0000,0.0000,0.2000,2.5225
311.4500,1.5323,0.0000,0.0000,0.2000,0.9698
255.6500,1.5323,0.0000,0.0000,0.2000,0.8967
304.5500,1.5323,0.0000,0.0000,0.2000,-1.0439
299.0000,1.5323,0.0000,0.0000,0.2000,0.0267
311.7500,1.5323,0.0000,0.0000,0.2000,0.4127
285.2500,1.5323,0.0000,0.0000,0.2000,2.2551
310.0500,1.5323,0.0000,0.0000,0.2000,0.1329
263.7000,1.5323,0.0000,0.0000,0.2000,0.5463
309.1500,1.5323,0.0000,0.0000,0.2000,-0.4249
278.5000,1.5323,0.0000,0.0000,0.2000,1.2796
306.4000,1.5323,0.0000,0.0000,0.2000,4.7652
258.8000,1.5323,0.0000,0.0000,0.2000,0.6076
250.4000,1.5323,0.0000,0.0000,0.2000,0.6174
257.5500,1.5323,0.0000,1.0000,0.2000,0.8668
275.9500,1.5323,0.0000,0.0000,0.2000,-0.0981
308.8000,1.5323,0.0000,0.0000,0.1500,1.4623
304.5000,1.5323,0.0000,0.0000,0.2000,0.0224
279.8500,1.5323,0.0000,0.0000,0.2000,0.4257
279.7000,1.5323,0.0000,0.0000,0.2500,2.0901
279.5000,1.5323,0.0000,0.0000,0.2000,2.1108
292.3000,1.5323,0.0000,0.0000,0.2000,0.3503
300.8500,1.5323,0.0000,0.0000,0.2000,0.7473
277.5000,1.5323,0.0000,0.0000,0.2000,1.8854
302.8500,1.5323,0.0000,0.0000,0.2000,0.4594
263.3500,1.5323,0.0000,0.0000,0.2000,1.4853
260.0000,1.5323,0.0000,0.0000,0.2000,0.2299
308.3000,1.5323,0.0000,0.0000,0.2000,0.3901
254.3000,1.5323,0.0000,0.0000,0.2000,1.0287
292.9000,1.5323,0.0000,0.0000,0.2000,0.5473
275.8000,1.5323,0.0000,0.0000,0.2000,1.5097
262.0500,1.5323,0.0000,0.0000,0.2000,3.3554
270.4000,1.5323,0.0000,0.0000,0.2000,2.7459
276.8500,1.5323,0.0000,0.0000,0.2000,0.5971
261.0000,1.5323,0.0000,0.0000,0.2500,0.2407
275.9500,1.5323,0.0000,0.0000,0.2000,-0.5440
308.5500,1.5323,0.0000,0.0000,0.2500,2.4138
291.1000,1.5323,0.0000,0.0000,0.2000,1.3167
285.3000,1.5323,0.0000,0.0000,0.2000,0.1579
308.7500,1.5323,0.0000,0.0000,0.2000,0.1122
293.1000,1.5323,0.0000,0.0000,0.2500,1.2450
265.3500,1.5323,0.0000,0.0000,0.2000,0.5326
289.0000,1.5323,0.0000,0.0000,0.1500,2.0474
300.3000,1.5323,0.0000,0.0000,0.2000,2.4354
307.5500,1.5323,0.0000,0.0000,0.2000,1.0809
288.9500,1.5323,0.0000,0.0000,0.2000,0.1547
288.8000,1.5323,0.0000,0.0000,0.2000,0.3280
309.4000,1.5323,0.0000,0.0000,0.2000,-0.8088
311.5000,1.5323,0.0000,0.0000,0.1500,-0.0839
288.7500,1.5323,0.0000,0.0000,0.2000,0.2641
288.6500,1.5323,0.0000,0.0000,0.2000,1.4795
313.6000,1.5323,0.0000,0.0000,0.2000,1.7598
272.1000,1.5323,0.0000,0.0000,0.2000,0.7243
312.2000,1.5323,0.0000,0.0000,0.2000,2.1002
288.5000,1.5323,0.0000,0.0000,0.2000,1.0506
271.9500,1.5323,0.0000,0.0000,0.2000,2.9684
276.9000,1.5323,0.0000,0.0000,0.2500,-0.3786
271.9500,1.5323,0.0000,0.0000,0.2000,5.9753
312.8500,1.5323,0.0000,0.0000,0.2000,1.8952
288.4000,1.5323,0.0000,0.0000,0.2000,-0.2617
270.0000,1.5323,0.0000,0.0000,0.2000,-0.4825
288.2000,1.5323,0.0000,0.0000,0.2000,0.1163
308.5000,1.5323,0.0000,0.0000,0.2000,1.4877
285.9500,1.5323,0.0000,0.0000,0.2000,0.8193
275.0500,1.5323,0.0000,0.0000,0.1500,0.3178
286.8000,1.5323,0.0000,0.0000,0.2000,-0.5531
311.0500,1.5323,0.0000,0.0000,0.2000,0.8778
266.9000,1.5323,0.0000,0.0000,0.2500,1.9877
286.7500,1.5323,0.0000,0.0000,0.2000,-0.3865
309.7000,1.5323,0.0000,0.0000,0.2000,-0.6402
273.7500,1.5323,0.0000,0.0000,0.2000,0.1196
281.8500,1.5323,0.0000,0.0000,0.2000,0.5251
309.7500,1.5323,0.0000,0.0000,0.1500,-0.3207
328.3500,1.5323,0.0000,0.0000,0.2000,0.1313
285.1000,1.5323,0.0000,0.0000,0.2000,-0.1179
332.7500,1.5323,0.0000,0.0000,0.2000,0.4800
285.1000,1.5323,0.0000,0.0000,0.2000,1.2406
274.5500,1.5323,0.0000,0.0000,0.2000,1.0343
327.9500,1.5323,0.0000,0.0000,0.2000,0.5035
275.2500,1.5323,0.0000,0.0000,0.2000,-0.3318
285.1000,1.5323,0.0000,0.0000,0.2000,0.2707
284.7000,1.5323,0.0000,1.0000,0.2000,-0.0420
329.9500,1.5323,0.0000,0.0000,0.2000,0.0755
284.0500,1.5323,0.0000,0.0000,0.2000,0.9904
284.6000,1.5323,0.0000,0.0000,0.2000,1.4595
325.2000,1.5323,0.0000,0.0000,0.2000,4.3340
284.5000,1.5323,0.0000,0.0000,0.2000,2.0761
279.6000,1.5323,0.0000,0.0000,0.2000,0.6385
283.2000,1.5323,0.0000,0.0000,0.2000,0.6661
284.3000,1.5323,0.0000,0.0000,0.2000,0.8347
279.6500,1.5323,0.0000,0.0000,0.2000,0.3034
290.1500,1.5323,0.0000,0.0000,0.2000,0.2472
324.9000,1.5323,0.0000,0.0000,0.2000,3.4104
282.6000,1.5323,0.0000,0.0000,0.2000,0.8154
282.0500,1.5323,0.0000,0.0000,0.1500,0.5417
321.2500,1.5323,0.0000,0.0000,0.2000,0.7040
282.5500,1.5323,0.0000,0.0000,0.2000,0.3011
263.5500,1.5323,0.0000,0.0000,0.2000,-0.4561
292.5500,1.5323,0.0000,0.0000,0.2500,0.4412
322.3000,1.5323,0.0000,0.0000,0.2000,0.6206
276.6000,1.5323,0.0000,0.0000,0.2500,1.6009
292.1500,1.5323,0.0000,0.0000,0.2000,0.7147
322.5500,1.5323,0.0000,0.0000,0.2000,0.4173
305.7000,1.5323,0.0000,0.0000,0.2000,-0.5708
279.2000,1.5323,0.0000,0.0000,0.2000,-0.6053
290.1500,1.5323,0.0000,0.0000,0.2000,0.9074
315.5500,1.5323,0.0000,0.0000,0.2000,-0.2339
279.1500,1.5323,0.0000,0.0000,0.2500,0.2900
296.9000,1.5323,0.0000,0.0000,0.2000,0.6652
288.0500,1.5323,0.0000,0.0000,0.2000,2.9547
279.1000,1.5323,0.0000,0.0000,0.2500,0.0577
312.2500,1.5323,0.0000,0.0000,0.2000,0.9633
307.1000,1.5323,0.0000,0.0000,0.2500,3.4428
279.0500,1.5323,0.0000,0.0000,0.2000,0.5305
294.5000,1.5323,0.0000,0.0000,0.2000,0.1508
286.5500,1.5323,0.0000,0.0000,0.2000,0.4408
279.0000,1.5323,0.0000,0.0000,0.2000,-0.2970
282.0000,1.5323,0.0000,0.0000,0.2000,1.2010
300.1500,1.5323,0.0000,0.0000,0.2000,0.4471
283.3500,1.5323,0.0000,0.0000,0.2000,0.6283
278.9500,1.5323,0.0000,0.0000,0.2500,-0.3188
306.8500,1.5323,0.0000,0.0000,0.2000,0.7358
278.9000,1.5323,0.0000,0.0000,0.2000,0.4385
278.8000,1.5323,0.0000,0.0000,0.2000,2.1810
278.7000,1.5323,0.0000,0.0000,0.2000,0.5062
297.4000,1.5323,0.0000,0.0000,0.2000,1.3933
287.4500,1.5323,0.0000,0.0000,0.2000,-1.0721
286.4000,1.5323,0.0000,0.0000,0.2500,2.1631
278.5500,1.5323,0.0000,0.0000,0.2000,0.8079
283.5500,1.5323,0.0000,0.0000,0.2000,0.7429
278.3500,1.5323,0.0000,0.0000,0.2000,1.4786
276.8000,1.5323,0.0000,0.0000,0.2000,0.0915
277.2500,1.5323,0.0000,0.0000,0.2000,3.1885
278.6000,1.5323,0.0000,0.0000,0.2000,3.1911
285.7000,1.5323,0.0000,0.0000,0.2000,0.2585
277.3000,1.5323,0.0000,0.0000,0.2000,0.9580
277.2500,1.5323,0.0000,0.0000,0.2000,1.4219
283.3500,1.5323,0.0000,0.0000,0.2000,2.6829
270.6500,1.5323,0.0000,0.0000,0.2000,2.2793
286.2000,1.5323,0.0000,0.0000,0.2000,1.3181
273.7000,1.5323,0.0000,0.0000,0.2000,0.6447
276.6500,1.5323,0.0000,0.0000,0.2000,0.2870
